95.6123 -5 -17.7385
99.2549 -0 -24.6259
100.221 -9.44135 -25.3831
91.4751 -5 -12.8129
83.2199 -5 -7.39315
86.7299 0 -9.18124
86.9569 -10 -8.73572
74.9741 -5 -5.74865
78.4453 0 -6.11027
79.1926 -9.28478 -5.68541
71.5547 -10 -6.11027
70.8074 -0.715218 -5.68541
66.7801 -5 -7.39315
63.2701 -10 -9.18124
63.0431 0 -8.73572
58.4902 -9.35537 -12.8469
58.4902 -0.644631 -12.8469
53.9751 -9.39595 -17.461
54.3582 -0.604048 -17.7823
50.7451 -10 -24.6259
49.779 -0.558646 -25.3831
96.0833 -10 -10.6403
96.0833 -10 -4.88051
95.5833 -1 -4.30481
96.0833 -1 -11.4013
91.9167 -10 -1.01791
91.4167 -1 -0.5
91.4167 -7.4339 -6.75126
87.25 -6.51642 -2.95399
83.5833 -10 -0.5
83.0833 -1 -1.32861
78.9167 -5 -0.600153
71.0833 -10 -0.5
70.5833 -4.17063 -0.5
66.4167 -9 -3.47122
66.9167 0 -1.48231
62.25 -3.48358 -2.95399
58.5833 -10 -3.7005
58.0833 0 -1.01791
58.0833 -2.5661 -6.75126
54.4167 -9 -8.8656
53.9167 -9 -0.5
53.9167 0 -9.51202
53.9167 -3.59397 -2.4024
53.9167 -5 -13.1885
100.25 -1 -30
100.25 -10 -15.1363
100.25 -10 -1.07198
99.75 -1 -16.2474
100.25 -1 -7.53974
99.75 -1 -0.5
99.75 -5.78103 -10.2222
75.25 -1 -1.61111
49.75 -9 -30
49.75 -10 -13.8889
49.75 -10 -6.05556
49.75 -1 -14.2064
49.75 -1 -4.92802
49.75 -5 -9.57137
50.25 -5 -19.197
97.0634 -10.25 -20.4073
